LJ particles Shi 2014.10.06                                                     
         2         2    500000    0.1000000000E-02
     35.000000000000      0.000000000000      0.000000000000
      0.000000000000     35.000000000000      0.000000000000
      0.000000000000      0.000000000000     35.000000000000
wcap               1
    -2.673309584         13.19672073        -2.545910613    
wcap               2
    -5.457117353         3.146105807         12.77337265    
wcap               3
    -17.18599188         4.036532841         7.361897223    
wcap               4
    -2.095783475         13.49133585         3.531309540    
wcap               5
     7.702348997         9.870192621         10.58496639    
wcap               6
    -8.012903448        -3.065240993         12.85109826    
wcap               7
   -0.4242226427         7.084335493         12.13218962    
wcap               8
    -7.457548724         13.22521363        -13.16179533    
wcap               9
     13.93278252         5.428502845         2.845294863    
wcap               10
    -12.08676647        -13.59704343        -14.33519893    
wcap               11
    -5.948607608        -6.453554522        -5.361421123    
wcap               12
    -5.814831983        -12.23296794         13.55983463    
wcap               13
    -13.58682022         13.11256677         6.347306509    
wcap               14
    0.5123949678         14.90906005         17.44895439    
wcap               15
    -15.02169358         11.21360205        -7.464221419    
wcap               16
    -12.70059894        -7.443511834        -10.30757261    
wcap               17
     6.161053201         7.163799883         13.57963620    
wcap               18
    -15.43868922        -9.010218415        -9.213667517    
wcap               19
     4.766432450        -10.90148577         12.98022005    
wcap               20
     3.263387503         16.73810923         5.424352752    
wcap               21
    -8.244958750         15.23933850         16.33977619    
wcap               22
    -5.644629049       -0.1510319328        -6.040049179    
wcap               23
    -15.90781291        -5.446473318         8.695262952    
wcap               24
    -4.035291292        -10.43626812         2.675397160    
wcap               25
     2.986784251        -7.908570136        -11.94842904    
wcap               26
     8.703765159         4.205818487        -17.45654585    
wcap               27
    -6.952141026         14.99624440         2.236349004    
wcap               28
     10.85297428        -10.25200933        -16.40913257    
wcap               29
    0.3816632553        -6.480305612        -13.67330387    
wcap               30
     10.36760567        -16.86279380         10.75970631    
wcap               31
     10.61970896         8.214230206         6.217818643    
wcap               32
    -16.99984909        -9.354607302         1.963635593    
wcap               33
    -1.575733642         7.874371014         3.627317321    
wcap               34
    -2.491089593       -0.1597361387        -1.332937683    
wcap               35
     9.396305691        -1.063055613        -9.207758854    
wcap               36
     6.915112691        -7.642317570        0.3833672605    
wcap               37
    -15.68151213        -3.576616325         12.50335461    
wcap               38
     12.64545513        -6.537277173        -16.21912221    
wcap               39
    -4.386042034        -2.948924946        -7.468160407    
wcap               40
    -12.37060778        -7.503208985         5.848427523    
wcap               41
     5.554010595         14.82668480        -1.334273701    
wcap               42
     9.887340455         4.784148109       -0.9138076937    
wcap               43
    -8.158556109         7.880157257         1.007870606    
wcap               44
    -9.069609618        0.1897766958        -13.06038609    
wcap               45
    -13.90228185         7.238325435        -7.381296337    
wcap               46
    -5.351337091        -17.13308935        -15.26246863    
wcap               47
   -0.5039741061E-01    -9.849328807         12.32912389    
wcap               48
    -9.031504086        -9.394369002        -10.13901366    
wcap               49
    -9.472090719        -6.431455317        -11.17038512    
wcap               50
     3.448296598        -13.52218183         15.39900187    
wcap               51
     4.718481313         12.97773717         3.485700697    
wcap               52
     7.124593288        -2.469676374         16.76383955    
wcap               53
     11.40268799        -1.193474114        -11.80798923    
wcap               54
    -11.73280596         8.064990582        -10.25885881    
wcap               55
     14.61207906         6.238655157        -17.37036617    
wcap               56
     17.46714918        -1.924964114         4.220871483    
wcap               57
     9.122940758        -13.83818575        -10.97198697    
wcap               58
    -12.19281043         16.85623519        -16.83941009    
wcap               59
    -6.580072945        -9.757153710         10.20331574    
wcap               60
    -13.53024020        -14.19146287        -16.98386747    
wcap               61
    -12.60885329        -9.072069420        -7.242980305    
wcap               62
    -4.572715749         11.19528355        -13.83232595    
wcap               63
    -11.04494153        -7.270941758        -14.62320716    
wcap               64
    -16.78970274        -10.65336826        -16.06145224    
wcap               65
    -14.65816815       -0.5488277989        -15.36239185    
wcap               66
     14.97833501         9.470655913         15.14861598    
wcap               67
   -0.9552887259        -6.040289445         13.51823263    
wcap               68
    -16.79041924         12.47847067        -14.08893524    
wcap               69
    -3.048751377        -7.560944032         11.10047574    
wcap               70
    -16.99300393        -9.922249426         5.149306188    
wcap               71
     13.45534108         5.247154813        -11.50443400    
wcap               72
    -11.03227425         1.006748537        -16.32454992    
wcap               73
    -16.84919346        -13.23752673         11.11598121    
wcap               74
     4.405737955        -2.644327979         6.430621953    
wcap               75
     1.550686041        -4.876967198        -10.64853893    
wcap               76
    -9.556693778         5.433270640         6.433736346    
wcap               77
    -17.20155320        -1.833365923         17.21218437    
wcap               78
    -9.663451914         15.18046773         13.08545998    
wcap               79
     15.87390273        -14.09596024        -17.28863721    
wcap               80
     4.853380423        -3.572737695        -3.861313167    
wcap               81
     14.30791836        -9.842905182        -7.550170770    
wcap               82
    -1.317816717        0.6240406291        -16.35234950    
wcap               83
    -16.79544369        -4.948144083        -7.152587595    
wcap               84
     1.398740986        -17.12064775        -10.12247679    
wcap               85
    -11.81408937        -9.282878189         14.41900556    
wcap               86
     15.83210749         8.230033468         3.816181618    
wcap               87
     2.366161612         13.75636984         6.351814100    
wcap               88
   -0.6980949756        -8.564521868         4.709202795    
wcap               89
     14.60652895         6.539871992        -6.199317864    
wcap               90
     9.756281284        0.6124463626        -14.94566152    
wcap               91
    -13.77210749        -6.345179042        -5.659998150    
wcap               92
    -1.438150823         6.419553871        -13.07338396    
wcap               93
     3.778239545        -13.27818720        -4.594299576    
wcap               94
    -5.204780403         11.96957533        -4.535516170    
wcap               95
     15.00046090        -8.291832596        0.3118666493    
wcap               96
    0.4581197985       -0.3879499776E-01    -7.262713337    
wcap               97
     12.48966129         13.56327520         5.432107066    
wcap               98
     15.05103933        -1.859862331         9.267080809    
wcap               99
    -16.64908129         10.62540490         3.189960679    
wcap               100
     12.23029866         9.338831367        -13.42972862    
wcap               101
    -14.59922779        -3.289560751        -4.432101492    
wcap               102
     14.35400736        -9.286102029        -16.74353805    
wcap               103
     13.33132583        -13.41080707         11.03596460    
wcap               104
    0.8860515443E-01     10.82237352        -17.11855288    
wcap               105
    -2.813996878        -7.416773069         2.189540963    
wcap               106
    -5.370145027         12.42323846        -9.263056625    
wcap               107
     4.797899980        -11.26506670         1.321215968    
wcap               108
    -6.067805123         3.518783034         6.917599785    
wcap               109
     15.86415000        -8.814661376         14.82231939    
wcap               110
     16.27063812         16.09421345         16.81592942    
wcap               111
    -16.95861383         7.497600997        -14.95175676    
wcap               112
    -7.603930166        -15.00788761         1.256364524    
wcap               113
     16.52653744        -16.72927233         10.91503592    
wcap               114
     4.355695237        -10.28878201        -13.49002399    
wcap               115
     6.204970315         6.981210284         8.628277222    
wcap               116
     3.287219221         6.115363370         16.59163254    
wcap               117
    -16.35982630       -0.7324864355        -5.997285851    
wcap               118
     13.86028320         8.448198765        -10.00238356    
wcap               119
     16.06698266       -0.3129275168E-01    -8.332087318    
wcap               120
    0.4892658999         6.192553744        -9.093031656    
wcap               121
    -11.76906861         1.107559910       -0.2808555534    
wcap               122
    -13.34203613        -3.726481860         1.616174684    
wcap               123
     10.83179888         2.707148522         14.11945213    
wcap               124
   -0.6578005027        -12.60687087        -9.149570077    
wcap               125
     11.43783992         15.39931361        -8.606870159    
wcap               126
    -1.790530074         3.591159282         14.52449461    
wcap               127
    -6.339491679        -2.606150173        -14.18972185    
wcap               128
    -10.57543845         8.172209887        -7.150086484    
wcap               129
    -11.17129458        -10.67936032         7.004722424    
wcap               130
     15.30586521         4.411806686        -8.702192342    
wcap               131
    -1.336365649        -4.777394583         3.364774049    
wcap               132
     3.834030363         11.51664882        -10.40589621    
wcap               133
     12.72518628         1.365556045        -9.352890326    
wcap               134
    -9.876131179       -0.7455981057        -7.106413451    
wcap               135
     6.790709680         13.01456111         11.77024182    
wcap               136
    -16.58723580        -13.86376519         3.723482368    
wcap               137
     9.824348065         5.226475547         2.330962864    
wcap               138
     16.96461941         12.93014069         15.15732788    
wcap               139
     13.22142827         3.146750265        -5.641565791    
wcap               140
    -3.415654039        -2.972357297        -15.51478197    
wcap               141
    -1.502434897        -6.749412789        -7.702788955    
wcap               142
   -0.7422261928        -1.521876390         3.911975395    
wcap               143
    -6.575937648         15.24344730         8.211756046    
wcap               144
    -16.41724721        -14.09749951        -2.008062162    
wcap               145
    -3.529530873         4.288060457        -9.884948628    
wcap               146
    -8.719915491         5.236882767         13.76667057    
wcap               147
     7.784934127         4.364218594         14.52583896    
wcap               148
     11.08321193         10.15826159         10.22340246    
wcap               149
    -2.140187224         12.22656006         12.13025053    
wcap               150
     9.377980542        -12.52010522        -3.235630644    
wcap               151
     10.07257097         11.88199360        0.4583705576    
wcap               152
     11.07222768         16.64852503         6.379876614    
wcap               153
    -3.874800273        -14.29948581        -3.627416956    
wcap               154
    -13.74658851        -12.03967693        -10.19415519    
wcap               155
    -4.753047102         8.583795838        -5.841987038    
wcap               156
    0.3471365536E-01    -16.09387719         17.18471136    
wcap               157
     15.86804091        -7.450436639         8.574994573    
wcap               158
    0.9763474753        -7.572338946       -0.7576535954    
wcap               159
     7.228421021         14.02896834         1.406832385    
wcap               160
    -15.77545506        -14.74041281         14.14288005    
wcap               161
     4.417142023         15.57852116        -8.350303345    
wcap               162
     6.619281941        -3.643808015         10.41714892    
wcap               163
     11.13029522        -1.829713968         16.13560134    
wcap               164
    -17.15698449         11.04718285         6.828952725    
wcap               165
     13.15874695         13.93875758         1.965032096    
wcap               166
     7.391083715         2.434508133        -8.345204148    
wcap               167
     8.283084778        -7.936884738        -2.875334902    
wcap               168
    -2.674307867        -16.71877670        -9.839307188    
wcap               169
    -15.26272444        -7.560627074        -3.020655338    
wcap               170
   -0.7547951986        -17.23468703        -6.892495055    
wcap               171
   -0.2276234680         11.00727651         5.492095836    
wcap               172
     11.58272987        -8.906626507        -2.218419998    
wcap               173
    -6.280376717        0.9679654669         2.405063690    
wcap               174
    -4.247715177        -13.82278629         2.212822450    
wcap               175
     7.867311778        -8.726079272         3.440813835    
wcap               176
     6.592440113         16.71860474         3.707314452    
wcap               177
    -6.729292899         7.419054816         12.28348618    
wcap               178
     15.40061641        -9.165839345        -13.44153736    
wcap               179
    -8.669834553        -5.079762493        -14.31042843    
wcap               180
     6.297618475         12.53806801        -6.770647395    
wcap               181
    -5.539553260         8.482079345         16.67863787    
wcap               182
     10.23644090        -7.565841103         12.55854994    
wcap               183
     12.26052716         8.423482808         2.807142171    
wcap               184
     11.11116981         11.11227700         3.537917190    
wcap               185
    -6.815127199        -16.51065102         9.872918172    
wcap               186
     6.256125302        0.6419955411        -16.47156047    
wcap               187
   -0.3997057968         12.68275200        -4.769504093    
wcap               188
     9.257295318         15.36817037        -14.83524227    
wcap               189
   -0.6726277531         3.104302416        -7.321420755    
wcap               190
    -8.996153030         16.97994010       -0.7963634046    
wcap               191
     8.390216596        -13.41539922         7.954938963    
wcap               192
    -5.885722635        -4.973209677         10.66899239    
wcap               193
     11.17268195         11.05479385        -7.310908682    
wcap               194
     8.037124824        -16.33394786        -12.66371688    
wcap               195
     13.37426740         13.27453037        -1.430326013    
wcap               196
    -8.037069503        -3.383625886        -11.34010262    
wcap               197
    -4.509969954         3.601136142        -13.21831205    
wcap               198
     10.39836813         13.75804763         17.05570826    
wcap               199
    -8.038467839        -12.63888787        -11.40564873    
wcap               200
   -0.4312049894         5.315513430         5.381317207    
wcap               201
    -15.40984357         2.919111601         9.782712650    
wcap               202
    -12.69779688        -12.04516162        -1.833974413    
wcap               203
    -1.209180951         4.938778493        -17.14482273    
wcap               204
    -7.656140736         9.888607290        -7.713797447    
wcap               205
     6.196018846        -12.88691497        -16.87980969    
wcap               206
    -4.333933151         3.570006533        0.4460555466    
wcap               207
     9.892371554         7.472415051        -16.59083682    
wcap               208
     1.340486360         10.33227689       -0.9679500697    
wcap               209
    -1.914918095         10.13453583        0.7564731257    
wcap               210
     1.226607985        -16.48784249         10.64346531    
wcap               211
    -13.55941928         3.847040902         5.726941843    
wcap               212
    -7.447823379        -5.270703296        -8.260358411    
wcap               213
    -16.32572851         9.128267257         11.16985518    
wcap               214
    -6.354959178        -17.10090463        -11.08517395    
wcap               215
     11.53305326         12.85637221         11.95141473    
wcap               216
     2.905559469         15.42096234        -4.883281302    
wcap               217
     12.09396550        -15.23190348         3.976374905    
wcap               218
     2.106022759        -13.20681365        -12.86955849    
wcap               219
    -12.31006144         7.825368906        -1.071179714    
wcap               220
    -1.567438013        -6.889262997        -4.417951841    
wcap               221
     9.226991911        -6.368744267         5.093156710    
wcap               222
     12.58862992         16.17099374       -0.4916268005    
wcap               223
    -2.699691740        -4.686615915         9.747606756    
wcap               224
    -15.04521473         16.89279051         12.67351787    
wcap               225
    -14.95495489        -12.01145826        -4.212170734    
wcap               226
     6.791971117        -12.13575260        -4.997771450    
wcap               227
    -5.105945098         16.71077024        -8.212520033    
wcap               228
     6.301124173        -10.91717712        -10.99417127    
wcap               229
    -10.41824904        -8.619820271         9.563845527    
wcap               230
    -16.76498518        -14.62814102        -5.903531180    
wcap               231
     6.841663641        -17.12752851       -0.6525211318    
wcap               232
     13.01343255        -2.289597970         12.86604845    
wcap               233
    -9.490760232        -15.88860170        -11.48590429    
wcap               234
    -2.878524431        -8.894344114        -15.95593223    
wcap               235
     7.158007415        -6.554550227         8.007317994    
wcap               236
     9.151721502        -15.79316151         5.309849204    
wcap               237
     4.755721959         10.79208629         13.01251441    
wcap               238
    -7.677791597        -16.04504882        -6.235475714    
wcap               239
    -17.06609700        -16.30464352         5.651189731    
wcap               240
    0.9469538258        -17.15155703         2.092312356    
wcap               241
     9.216015638        -14.55960557       -0.7255683664    
wcap               242
    -4.126581607         14.85624127         10.02178941    
wcap               243
     5.954559178        -12.12201764         9.805072213    
wcap               244
    -7.350130883       -0.8618812103E-01    -16.75049814    
wcap               245
     1.805862445         9.901731140         2.386315683    
wcap               246
     12.71539934         15.40110637         15.13998007    
wcap               247
    -10.94354987        -15.49504681        -6.560289802    
wcap               248
    -3.607391304         2.947554791        -5.352217789    
wcap               249
     16.43969321         2.475419460       -0.7208952472    
wcap               250
    -17.08502280         2.028500653        -15.30432907    
wcap               251
    -16.37440891         3.416374296        -6.966616043    
wcap               252
    0.9014025550         4.679730140         1.575109998    
wcap               253
     2.953189029         5.822479998         8.046567040    
wcap               254
    -1.608684712         13.45431882         7.450954322    
wcap               255
     6.454102164        -15.23099135         15.17846186    
wcap               256
    -9.953157079         3.884142256        -3.003724277    
wcap               257
    -4.902913248        -11.43300727       -0.7447353080    
wcap               258
     11.79966579       -0.2031119740        -5.536258958    
wcap               259
    -6.852019410         11.70114266         12.92813293    
wcap               260
    -16.77282698         9.300866441        0.3991685820    
wcap               261
     9.104187926         14.57939567        -1.553767816    
wcap               262
     17.19076933        -10.66625736        -10.55275193    
wcap               263
    -10.93134622        -2.920294989        -4.818984120    
wcap               264
    -16.29854794        -12.57723522         16.42618439    
wcap               265
   -0.5375178933        -11.90566605        -1.941646226    
wcap               266
    -1.723963611         16.11927126       -0.7255155842    
wcap               267
    -9.606458115         17.42192446         10.86429020    
wcap               268
    -4.776470014         8.330405170        -9.265618111    
wcap               269
    -12.52310038        -4.786445755        -12.35421110    
wcap               270
    -13.32350946        -9.965529639        -16.91370470    
wcap               271
    -14.37368014        -16.54145630        -10.25606094    
wcap               272
    -17.05585423         12.36513969         10.05913483    
wcap               273
    -6.322533109         10.38968416         9.920285630    
wcap               274
     7.224052603         11.57782416         7.957346489    
wcap               275
     17.46093323         1.271078393         16.00265155    
wcap               276
     7.467986924        -15.10214245        -3.463473706    
wcap               277
    -13.26577883         16.12067655        -4.202425607    
wcap               278
    -1.130406870         8.490500178         16.13836051    
wcap               279
     7.280222840         7.611345602        -12.88837655    
wcap               280
     7.699422022         4.009218564        -14.07464581    
wcap               281
     6.877875113        -17.37517453         7.657117811    
wcap               282
     10.51197054         8.887090216        -10.74084911    
wcap               283
     13.54432966        -9.826080706         12.36540509    
wcap               284
     14.13619332         10.12499763         6.288498677    
wcap               285
     14.78785041        -15.85576912         6.624594821    
wcap               286
     14.52323306        -13.26788982        -6.381126858    
wcap               287
    -5.463223492         15.51059378        -1.026870041    
wcap               288
    0.3371041223        -14.84099543         13.87285537    
wcap               289
     14.79388555        -16.08884452        -10.59180377    
wcap               290
    -15.83555818        -6.649128741         5.302932780    
wcap               291
    -1.350701391        -12.52355454        -12.75402983    
wcap               292
    -1.050513300         4.539855735       -0.9055136477    
wcap               293
    -2.924294541        -16.83529838         15.45851403    
wcap               294
    -1.780339168         10.40555815         9.221257372    
wcap               295
     15.99854013         16.70763466        0.2562929821    
wcap               296
    -5.995866875         5.759750904        -15.66134224    
wcap               297
    -11.60964506         15.69066118         5.033506340    
wcap               298
    -13.09524940        0.8898891674E-01    -5.599741802    
wcap               299
    -10.16037732         5.647827112        -16.47901494    
wcap               300
    -3.675450471         16.44469261         2.325907147    
wcap               301
     9.805148946        -13.18756194         17.07022532    
wcap               302
    -4.246725641         9.877538431         13.83429742    
wcap               303
     3.075006991         6.127207086        -6.596085091    
wcap               304
     14.15689427        0.3663764876         15.09381365    
wcap               305
    -8.052547983         2.100653898         16.01449477    
wcap               306
     9.637138774        -4.727767803         13.46745202    
wcap               307
    -7.572100686        -3.225749215        -5.534937521    
wcap               308
    -6.177296985        -4.938903959        -2.385899908    
wcap               309
    -2.581505057        -9.129746622        -2.024742958    
wcap               310
     16.53314030        0.9404512480         5.988667387    
wcap               311
    -7.820305424        -4.676829943         4.976753152    
wcap               312
    -10.17118731        0.4179232372        -3.857740732    
wcap               313
    -7.990738278         9.809524111        -11.29200730    
wcap               314
     3.034498958         4.494028418         5.049310528    
wcap               315
    -13.23059875        -1.426478310        -1.212581121    
wcap               316
     13.89143701         12.81183783        -9.478391704    
wcap               317
    -10.42585255        -1.605182820         5.233891743    
wcap               318
    0.1099300390         5.473663699        -5.330422936    
wcap               319
    -4.440449677        -7.028119502        -9.362970760    
wcap               320
     2.567775302         3.855165763        -1.758528301    
wcap               321
    -3.736071042         5.519187989        -2.882984235    
wcap               322
     3.431324944        -9.732794277        -4.566610469    
wcap               323
     10.00007498         2.535279685        -10.78043145    
wcap               324
     1.877537721         9.752900181         11.65104884    
wcap               325
    -8.597463726         1.004978045         12.51419989    
wcap               326
    -14.33295642        -16.73837333        -6.860722330    
wcap               327
     15.07278251        -7.841049756         4.508197248    
wcap               328
     7.563463390        -12.35867167        -8.347992795    
wcap               329
     9.014523469         7.623300983        -8.150108847    
wcap               330
     8.468005275        -3.618149173         7.535018713    
wcap               331
     9.162137988        -8.938682931        -11.48993866    
wcap               332
    -16.56705942         15.87107355         7.996380518    
wcap               333
    -3.032981483         5.014257111         7.541406926    
wcap               334
     11.69124290        -14.75258387        -3.356603369    
wcap               335
    -11.92812435         2.194926204         7.967899892    
wcap               336
     1.189610308        0.1384246575        -14.20132410    
wcap               337
     15.23470952         10.58751368        0.4944248377    
wcap               338
    -9.054489723        -12.17022870         15.02637509    
wcap               339
     11.79384055         8.312192878       -0.6273719686    
wcap               340
     8.332487338         9.966329647        -5.742661273    
wcap               341
     9.864765762        -13.26528000         11.38156629    
wcap               342
     16.30846626        -1.218987235         12.38353782    
wcap               343
     12.75216869        -11.63698455        -3.940712500    
wcap               344
     11.96318584        -15.84631938        -8.569401104    
wcap               345
     7.876321459         10.94215293         4.611498756    
wcap               346
    -10.96049684        -11.35557627        -12.18334407    
wcap               347
   -0.6682378002        -9.147583009        -10.67469720    
wcap               348
     2.003036589        -3.188481364         14.67456543    
wcap               349
    -7.872412178         9.392708771        -15.61908800    
wcap               350
    -7.645493573        -11.99040698        -7.963731793    
wcap               351
    -12.75098590        -1.039007351         16.59026304    
wcap               352
    -9.557346930        -2.291714955         16.92088240    
wcap               353
     3.539327498         2.979208243         9.811478877    
wcap               354
     12.86294899        -15.65824834         17.21320110    
wcap               355
     3.075116800        -1.368579031        -8.295780916    
wcap               356
    -2.180261061         12.91490502        -11.91108648    
wcap               357
    -14.93863869         4.063366806         2.334330682    
wcap               358
     17.04794527         2.530038488         3.085577074    
wcap               359
     7.963546002        -10.09592241         7.001358065    
wcap               360
     12.22673325        -2.717607921        -3.361455375    
wcap               361
    -2.255546279         13.70612796        -15.46324842    
wcap               362
     2.867714420        -8.547019528        -8.081164645    
wcap               363
    -15.05249736         15.49695902        -8.643365693    
wcap               364
     13.44573275         8.669593265         12.28562693    
wcap               365
    -8.655702107         1.466759593        -10.01043376    
wcap               366
   -0.5974649676        -12.04273764        -15.87750557    
wcap               367
    -5.981847263        -5.740573356        -12.47253369    
wcap               368
    -8.294145383        -4.795365468         8.697107095    
wcap               369
     14.47255169         11.48160775         3.479422272    
wcap               370
     2.941880579         16.61823891         8.726810555    
wcap               371
     16.72180242         1.549961366         9.308843356    
wcap               372
     12.85739498         2.058825859        -13.48312560    
wcap               373
   -0.7968987240        -2.067235972        -9.637615854    
wcap               374
     9.759741868         12.39116070        -11.64265132    
wcap               375
    -16.87784866        -2.831885582         1.179302627    
wcap               376
     12.78053798         15.13710446        -16.19742342    
wcap               377
    -3.393352273        0.3175303509        -9.005494694    
wcap               378
     1.071737058         13.22297583         12.45634539    
wcap               379
     17.46958267        -16.36061241        -8.654419426    
wcap               380
     1.374433038         7.732612660        -15.93949925    
wcap               381
     15.59729674        -3.507946968       -0.7385651246    
wcap               382
     16.08449705        -11.32614675         9.706627267    
wcap               383
    -3.613499516        -10.92100329         11.49021076    
wcap               384
    -2.743010851        -14.85109908        -16.35575039    
wcap               385
     3.279801368        -8.950730033         10.74818209    
wcap               386
    -10.23975341        -1.004657083         9.337056959    
wcap               387
    -11.65598225        -4.281102805        -1.664958432    
wcap               388
    -11.73781222         5.904051067         3.648951651    
wcap               389
   -0.2817985275        -2.777751866         11.57219532    
wcap               390
    -14.85882141        -13.05466275         1.298740546    
wcap               391
     3.002961539        -8.067842847         1.745608163    
wcap               392
    -10.71924187        -13.11124512        -9.606581194    
wcap               393
    -7.569204226         4.286947617        -11.63910493    
wcap               394
     14.86472026         8.286623475         9.006563076    
wcap               395
     9.398653461         13.74078230        -5.572226716    
wcap               396
    -8.777044277        -2.398646166        -2.102084519    
wcap               397
     4.243571277         3.855235716         1.149455033    
wcap               398
     3.167438788         3.570494390         13.99350448    
wcap               399
     4.675839622         16.07820291         11.84176720    
wcap               400
    -8.661520828         9.582806650        -4.407930863    
wcap               401
    -14.11328171         9.794703662        -14.97031153    
wcap               402
    -13.18756849         6.443550093        -4.449923670    
wcap               403
    -15.73744645        -10.71654392        -1.050436466    
wcap               404
     6.199040955         4.448336092         11.38986032    
wcap               405
     2.545913444        -10.75200041        -1.312433572    
wcap               406
     2.264313724        -10.65336083        -10.55123441    
wcap               407
     6.550637516        -7.741895364        -9.768577508    
wcap               408
    -6.121371567         4.469890501         16.15055613    
wcap               409
     3.144026419         7.213466292       -0.5692257857    
wcap               410
    -8.792389292         11.12044392         2.164320989    
wcap               411
    -9.403685912        -7.289904263       -0.9142674907    
wcap               412
    -4.123976433       -0.1521604967         16.87917243    
wcap               413
     13.92499724        -3.668607316         17.28183271    
wcap               414
     6.923553754        -14.91352524         1.957817013    
wcap               415
     5.913181866        -10.20014283        -2.006755646    
wcap               416
     4.276445719        -15.67101678         12.34406257    
wcap               417
    -7.586304679        -11.02210559         1.824101703    
wcap               418
     11.28716047         2.366055933        -2.806369491    
wcap               419
     15.42011753        -12.33304758         13.95388660    
wcap               420
    -7.188462973        -1.424152495         6.702608238    
wcap               421
     13.06259702        -5.816025866       -0.5876539245    
wcap               422
     9.517301558        -9.932277759        -5.889439044    
wcap               423
     10.29239429        -6.248945012         9.336421960    
wcap               424
    -11.96309215        -4.162869308         13.66026234    
wcap               425
     16.80777169        -7.250259192        -9.272570293    
wcap               426
    -12.54294431         13.61740650        -6.728162195    
wcap               427
    -8.046351443         16.46379217        -13.85735718    
wcap               428
     2.413006143         11.51288870        -7.237240099    
wcap               429
     11.06147162        -8.170855410        -8.725491521    
wcap               430
    -14.19286867         10.68437056        -11.73801656    
wcap               431
    -11.24120743         9.062632650         1.923937894    
wcap               432
     11.20424622        -11.36706087        -9.529949026    
wcap               433
     11.52320417        -14.87105154         8.491634061    
wcap               434
     4.420864564       -0.2034132581         15.79002154    
wcap               435
     12.64749714        -9.431918984         15.57597272    
wcap               436
     3.879863695        -8.461275950         7.720827626    
wcap               437
     8.281521270         14.17290013        -8.920646405    
wcap               438
     9.188694763        -5.320130118        -10.88519161    
wcap               439
     17.02610506        -6.364725242         16.42309604    
wcap               440
     9.873039925        -17.28434119         17.06814561    
wcap               441
    -3.089304566         9.677122318        -2.417524436    
wcap               442
    -8.226226576         9.136286699         15.00730855    
wcap               443
     4.079045048        -5.527864947         9.060514230    
wcap               444
     16.88107695        -9.660993449        -3.529509354    
wcap               445
    -4.796692284         17.00922831        -4.099484279    
wcap               446
    -6.549477896         3.063209843        -6.924896570    
wcap               447
     15.74873446        -5.104488255         2.227463745    
wcap               448
     9.476320208         6.729364842         9.298368135    
wcap               449
     13.24858544         12.22209825         14.67641880    
wcap               450
    -11.78772592        -15.44255292         12.32321922    
wcap               451
     14.76001188         8.675375595        -2.217723939    
wcap               452
    -6.431966684        -8.150318133        0.4832509232    
wcap               453
    0.8326381361        -5.224847964         1.013319940    
wcap               454
     15.93221897        -4.878489059         6.426984442    
wcap               455
     8.437613032         15.06668017         9.629648276    
wcap               456
     4.821643816         9.834046141        -5.423127573    
wcap               457
     12.03818867        -8.001357862        -5.501685603    
wcap               458
     2.917013298         17.13227603         16.47424734    
wcap               459
     5.027381023        -8.677871411         4.785563418    
wcap               460
     15.92348209         1.859887159        -11.10418976    
wcap               461
     8.497213254        -11.16614764       -0.2144401936    
wcap               462
    -4.491921424         2.849217620        -16.46624739    
wcap               463
     13.91664477         16.78743667         3.473105532    
wcap               464
    -13.33573418         11.00831978        0.1162078307    
wcap               465
    -2.357027537         17.04621005        -15.68197344    
wcap               466
     8.901805939         1.576040196        -5.127498218    
wcap               467
     6.419874309         3.481554551         4.075388759    
wcap               468
     6.067903542        0.1574167698        -3.467395905    
wcap               469
     1.660851211        -12.49869657        -6.713550813    
wcap               470
    -17.07337613         13.52760841         4.601408848    
wcap               471
     5.144773546         14.60901101        -14.75903900    
wcap               472
    -15.38285363        -4.081176663        -13.73596233    
wcap               473
     5.703954081         1.105065308       -0.4310040259    
wcap               474
     10.41331457         2.190248014         3.486578664    
wcap               475
    0.5961389642         3.452402752         11.22351515    
wcap               476
     15.64140760         4.911178321        -3.142614683    
wcap               477
    -1.300473626        -1.182870122         8.530966393    
wcap               478
    -11.82421102         16.62873805        -8.028823348    
wcap               479
    -12.82272269        -12.78355795         14.36132288    
wcap               480
    -15.20659159         14.73123955         17.27721471    
wcap               481
    -6.142287363        -9.329217913        -14.39450035    
wcap               482
   -0.7867867757        -3.490436495        -2.409674728    
wcap               483
     9.516285939        -12.27050280         5.058578521    
wcap               484
    -3.625140224         14.85750282         16.74068019    
wcap               485
     13.85344432         3.804143553         14.35122183    
wcap               486
    -3.891748239        -12.38521374        -9.723722157    
wcap               487
     8.127384485        -11.19663231        -14.20145919    
wcap               488
     9.836538576         9.004945725         13.11465063    
wcap               489
   -0.2697850194         12.04486423        -9.459024698    
wcap               490
     7.544019917        -2.382664562        -15.01606653    
wcap               491
    -12.99749363         15.78881823         1.826491494    
wcap               492
     4.968003074        -5.142163124        0.7993991067    
wcap               493
    -12.17660752         1.467543236        -11.18944043    
wcap               494
     12.11506150         4.776999988        -16.07884768    
wcap               495
     13.07308579         5.245064721       -0.3521209235    
wcap               496
    -5.933529683        0.9039886901        -11.57737861    
wcap               497
    -5.225402525         8.462307485         3.047547217    
wcap               498
   -0.8254345949         10.40809349        -14.33272264    
wcap               499
    -10.40144886         4.975269834        -9.905508993    
wcap               500
    -7.004608067         6.361406806        -5.069617626    
ljp               501
     16.50924872        -12.54085433        -14.15126484    
ljp               502
    -11.10914761        -3.152538888        -9.872427906    
ljp               503
     13.25193116        -1.647028557        -8.089558768    
ljp               504
    -13.73031552         10.04037091         7.964424008    
ljp               505
     11.79717474         5.121907310        -8.614707705    
ljp               506
     6.024972262        -9.516489320        -6.803174079    
ljp               507
     16.07869393        -3.892489327        -9.004378723    
ljp               508
     16.90736223         5.900127764         9.985174037    
ljp               509
     15.25171722        -13.78698276        -2.546931599    
ljp               510
     11.86988208         5.232049802         5.823971971    
ljp               511
    -11.54069415         3.517721731        -13.42861312    
ljp               512
    -10.04012280         14.19539647         1.149264702    
ljp               513
     2.885072030         12.46899551        -2.991062029    
ljp               514
     6.374191499         1.343829391        -12.87509131    
ljp               515
     10.13602981         14.69123225         3.193971987    
ljp               516
    -15.59416304       -0.1387684568         11.11124295    
ljp               517
    -4.126321363        -3.660103306        0.6173936159    
ljp               518
    -8.788462049         7.070044177        -2.444324359    
ljp               519
     2.059979603        -6.416402287        -4.722787741    
ljp               520
     15.80519387        -15.87254877        -14.00535020    
ljp               521
    -2.487106473        -14.51813706         11.08252494    
ljp               522
     13.18153137        -17.41944755        -5.749846545    
ljp               523
    -6.164877764        -5.924667731         14.70500947    
ljp               524
     5.196032637         9.621066993         1.688538410    
ljp               525
    -14.90694661         11.91065361         16.02867176    
ljp               526
     2.515211200        -2.024639996        -5.326330669    
ljp               527
    -9.759412032         3.070867072         2.088988979    
ljp               528
    -9.454307603        -6.214959494         11.97482680    
ljp               529
    -13.28561889         1.324160490         2.609519280    
ljp               530
     1.937855247         7.989365739         14.20271963    
ljp               531
     5.583335949        -4.461593753         13.96048585    
ljp               532
    -3.811359656         6.136943610         14.43936603    
ljp               533
     16.08074063         13.45254319        -16.44208196    
ljp               534
    -4.230291496        -11.38813693         17.41436041    
ljp               535
     2.766049130        -1.895756367        -16.31739726    
ljp               536
     14.22362909        -12.53186169        -9.761551056    
ljp               537
    0.6729624833        -14.83475782        -3.951566647    
ljp               538
    -2.054832186        -2.748883441         15.95810980    
ljp               539
     10.15016433        -14.87423302        -15.06170663    
ljp               540
    -2.694599598        -6.098241806       -0.7568956919    
ljp               541
    0.9035413041        -8.997807122         8.071998573    
ljp               542
     7.814751667         3.060290279         1.027719589    
ljp               543
    -10.02678762        -14.61354386        -17.15413132    
ljp               544
     8.928064698         7.977223496        -2.228874950    
ljp               545
     7.068166949         11.36615317       -0.3941662985    
ljp               546
    -11.00328345        -17.45746597         14.86178782    
ljp               547
    -10.14972603        -14.98491301         5.286763277    
ljp               548
     11.53944066        -11.34711294        -12.60258392    
ljp               549
   -0.3573213551        -12.00571804         9.384185688    
ljp               550
    -10.27619981        -16.79179817         2.227214863    
ljp               551
    -4.574316520        0.8007503303         5.316554155    
ljp               552
     8.334175311         10.75591925        -9.132365401    
ljp               553
     15.54750486         9.809564959        -14.87184872    
ljp               554
    -13.33559175        -15.14200493        -3.578539346    
ljp               555
    -1.895193337        -12.61255028         14.65551312    
ljp               556
    -8.499671487         16.41368598        -9.264489921    
ljp               557
     12.86071708        -1.009019569        -15.47445833    
ljp               558
     5.958965282        -7.841344006         14.90583951    
ljp               559
     13.63089654         17.26468573         9.285000774    
ljp               560
     16.06929552         6.229064440         13.51337248    
ljp               561
     3.945999083        -15.40691936        0.7510388509    
ljp               562
     3.444926253        -14.39758806         3.996601686    
ljp               563
    -9.046075078         7.881762973         8.558855688    
ljp               564
    -6.816767147        -1.199876379        -8.794091330    
ljp               565
    -11.55706009         12.02774978         3.708225736    
ljp               566
    -16.54216796         9.429260101         14.39694979    
ljp               567
     1.118084247         14.42202225        -7.406278354    
ljp               568
    0.5934373120         2.481289913         7.856887131    
ljp               569
     5.194031194        -4.915381486        -17.43032162    
ljp               570
    -4.168494970        -3.220592585         12.84396162    
ljp               571
     13.73204136        -8.552662089        -10.48640931    
ljp               572
    -1.696414695         3.132755770        -14.17000927    
ljp               573
    -11.48081694         3.170825100         11.26179333    
ljp               574
    -1.547924222        -8.665930583         16.24732074    
ljp               575
     5.351728265        -6.694341771        -2.766761536    
ljp               576
    -9.229254562        -6.347375544        -4.645709735    
ljp               577
    -3.587641794         6.890230809        0.6043526291    
ljp               578
     6.894204855        -16.23815095        -16.28519230    
ljp               579
     4.362362441        -13.17697543        -8.596602550    
ljp               580
    -13.35787141        -2.030125158         9.471184311    
ljp               581
     7.886921972         11.24246774         15.41600502    
ljp               582
     17.29404432        -11.45590822        -6.478192596    
ljp               583
     6.841225604        -7.911326998        -13.38056031    
ljp               584
     14.98799870        -3.551658872        -5.491643428    
ljp               585
     10.44855968         5.779014574        -12.84250392    
ljp               586
    -5.723901700       -0.2358200637         13.66968776    
ljp               587
     3.436400612        -1.193298244        0.4006570033    
ljp               588
     4.236045652         11.29779692         9.496898793    
ljp               589
     2.395315275         14.78136891        -11.01234864    
ljp               590
     5.218897932        -4.162951335        -10.80986351    
ljp               591
    -11.00961837         12.27371973         8.046179743    
ljp               592
     11.67978916         1.517429415        -17.46188398    
ljp               593
    -14.78430132        0.9210590374         5.768111954    
ljp               594
   -0.4869091559E-01     15.23855279         10.15762223    
ljp               595
    -15.47783144        -16.34513135         9.916565579    
ljp               596
    -8.740673721         17.13743443         6.522249730    
ljp               597
    -8.138299777         2.897852956        -15.26820585    
ljp               598
    -2.920713322         8.788537480         6.724165635    
ljp               599
    -12.99409201        -1.329263043        -12.24802568    
ljp               600
     7.643318733         5.337866005        -10.31493278    
ljp               601
    -14.29399305         2.847190247        -16.94160224    
ljp               602
    0.2272173212         6.722032826         8.737419767    
ljp               603
     11.72506026       -0.7855295302         1.994558487    
ljp               604
     4.161595645        -16.34103137        -2.936917730    
ljp               605
    -4.132742749         5.300456411         4.051886371    
ljp               606
    -5.519406515         7.687029079        -12.97725826    
ljp               607
   -0.3849945350         15.88256407        -4.002909355    
ljp               608
     11.89630916         15.03229550        -3.547377658    
ljp               609
    -16.26412766         6.237201569         15.29216734    
ljp               610
    -14.68954431         14.13564466       -0.5099649530    
ljp               611
    -3.416731525        -3.020312383         6.969334431    
ljp               612
     10.83728045        -10.62071609         9.058544867    
ljp               613
    0.1062809210E-01    -4.069905722         7.077441060    
ljp               614
     8.740753013         1.031938596         16.08755403    
ljp               615
    -1.834814095         8.173086240        -7.198060680    
ljp               616
     9.185033675         11.46216534        -15.17695515    
ljp               617
     11.79430895        -2.637924356       -0.4374650384    
ljp               618
     3.258078379         13.66052621         14.76649104    
ljp               619
    -16.48358601        -7.109981589        -12.63143218    
ljp               620
    -2.054073639       -0.2598949794        -12.31444903    
ljp               621
    -10.46137827         10.95012461        -13.51301598    
ljp               622
    -2.266381003       -0.3869476128         13.65082156    
ljp               623
     2.859509214         6.237354061         11.75219598    
ljp               624
     13.22381109        -6.003928848         14.61302022    
ljp               625
    -5.572128736        -6.278879108        -15.58260885    
ljp               626
     6.170096095         11.20627712        -14.18423731    
ljp               627
    -4.622837882         15.76807268         5.421949627    
ljp               628
    -6.168961787         6.015366945         8.765315858    
ljp               629
     6.936595044         7.958303624         4.076592027    
ljp               630
    -4.627270091        0.7153500560E-01    -14.57199126    
ljp               631
     3.885097798         6.772615241         2.712847377    
ljp               632
    -8.529793974         7.827328616         4.100258376    
ljp               633
    -16.41882742         16.23487121         3.043655251    
ljp               634
    -3.010336082         11.22168541        -7.039307711    
ljp               635
     14.60982619         12.40518865         9.103616187    
ljp               636
     9.386220470        0.1104139491        -1.188465494    
ljp               637
     6.088607198         16.58490662        -5.837162636    
ljp               638
     9.281145631        -6.451263367        -6.843856924    
ljp               639
    -16.94294785         13.12519411        -3.122791270    
ljp               640
     5.149337329         14.39206254         8.116522984    
ljp               641
    -14.32426785        -2.526327504         4.564272090    
ljp               642
    -2.797518226        -9.498410618        -12.63373534    
ljp               643
     6.603961167        -15.40419150        -6.804785160    
ljp               644
     17.09585706         13.74167972        0.5917340070    
ljp               645
     9.027722995        -6.421283477         16.49424466    
ljp               646
     13.05338214        -12.63428137        -16.37938025    
ljp               647
    -12.15452786         4.837861556        0.7032655407    
ljp               648
    -13.83970953        -10.85856709         4.227080021    
ljp               649
    -13.90441955         13.96715748         9.952930474    
ljp               650
    -12.68020691        -9.140816940        -4.206227717    
ljp               651
    -6.238148631        -3.264976816         17.44857417    
ljp               652
    -3.247703798        -10.83189111         7.954295781    
ljp               653
    -8.932673524         1.640535524         5.133491642    
ljp               654
    -16.59584574        -13.79356896        -10.33468791    
ljp               655
     2.808789531        -12.27555438        -15.86175810    
ljp               656
    -15.63155535         7.698375951         6.243615908    
ljp               657
    -7.375436322        -4.659041802         1.418911050    
ljp               658
    -11.89753780       -0.1716483676         12.57154854    
ljp               659
    -11.95018520         13.43050635        -2.127696327    
ljp               660
    -9.879622480        -14.06070117        -3.959113227    
ljp               661
     11.57128860        -11.54682250         2.487153348    
ljp               662
    -3.662256498        -9.787513132        -7.568941414    
ljp               663
     9.951555366        -15.93973055         14.02323836    
ljp               664
    -9.756334592        -13.58806140         8.524734617    
ljp               665
    -4.733057850        -12.75768280        -14.18593091    
ljp               666
    -15.91728168         5.751222535        -1.413174910    
ljp               667
     7.284286080        -12.08629674         15.17826123    
ljp               668
    -10.39925846        -15.07552798       -0.5736293436    
ljp               669
     4.113171097        -1.324537061        -12.70741472    
ljp               670
     11.33863453        -2.885685637         9.856268682    
ljp               671
    -6.203275398        -16.59571709         3.834648045    
ljp               672
    -12.52507410         7.462768150         13.60238938    
ljp               673
    -1.820500240        -5.699541259        -11.10210294    
ljp               674
    -10.17183682        -2.117523984         1.986884201    
ljp               675
    0.8572017637        -6.304884690         9.883203466    
ljp               676
     1.429830352         4.472440856        -14.48375088    
ljp               677
    -16.53977036        -2.023445380         8.012249857    
ljp               678
     12.66083772         6.007359404         9.134103295    
ljp               679
    -14.06548873        -6.354009927         14.74941123    
ljp               680
    -14.31247074         7.840529654         2.220764947    
ljp               681
     17.05518034         16.96117850         14.08071389    
ljp               682
    -2.353132816        -14.12115135         7.715122838    
ljp               683
     5.250829710         3.399748872         16.70519947    
ljp               684
     5.538735458        -6.560049816        -6.246304379    
ljp               685
    -13.76650997         9.955848433         4.895466444    
ljp               686
     12.58485823        -14.48518633        -12.69772457    
ljp               687
     3.488337363       -0.2190761446         9.160400520    
ljp               688
    -17.49890948        -6.387742092       -0.4933641454    
ljp               689
     16.70984124         6.083799004        -11.49877297    
ljp               690
     4.729208164        -16.09090713        -10.50380590    
ljp               691
     6.128473781         13.96318428        -11.49857656    
ljp               692
    -6.839252496        -8.953148826         17.11517121    
ljp               693
    0.1045350533        -16.04765344        -13.77197662    
ljp               694
     1.024712745       -0.8181321973        -1.892968685    
ljp               695
     2.752093527         1.254461352        -4.791635021    
ljp               696
    -7.385946387         15.27255258        -6.091800656    
ljp               697
     13.71284201         15.66873858        -11.92145129    
ljp               698
    -14.55786039         14.78677025        -11.96153263    
ljp               699
    -17.12459970         2.637890725        -3.775354913    
ljp               700
     3.063867356        -5.001714914        -7.682100267    
ljp               701
     11.53454222         7.525946306        -6.143215023    
ljp               702
     4.504025089        0.7085261110         2.549973461    
ljp               703
    -13.42961957        -13.15715920         9.814571178    
ljp               704
     11.80547242         14.06812902         8.596689663    
ljp               705
     1.225514104         13.13745016        -14.16539445    
ljp               706
    0.9154405308        -13.63255351         1.110196514    
ljp               707
    -2.804871425         4.286763779         11.05959651    
ljp               708
   -0.5321991038        -2.407626303        0.7276079929    
ljp               709
    -13.67812473        -16.19052917         3.270879344    
ljp               710
    -7.720348323         6.480562619        -8.405544721    
ljp               711
    -12.61371807        -5.386280906         17.34326359    
ljp               712
     8.101335996        -4.934264270        -4.030131706    
ljp               713
     3.312666236        -4.374434070        -13.69974249    
ljp               714
    -10.05473251         3.522235665        -7.074701761    
ljp               715
     11.86846975        -12.61932670         14.76632775    
ljp               716
    -3.273781307         1.530980931         8.200344649    
ljp               717
     12.39252285         7.326879214         15.44103995    
ljp               718
    -3.567740100        -5.964768670         16.79556196    
ljp               719
    -15.34294881         11.89785350         12.67041204    
ljp               720
     7.177401856         1.623299737         13.18088650    
ljp               721
    -6.173693567         9.343365323        -1.341739911    
ljp               722
     7.457136354        -3.953443355        -7.967729809    
ljp               723
    -15.09378187        -4.278011803        -1.377890121    
ljp               724
    -6.871173680         2.797612636        -2.955252693    
ljp               725
    -9.688154984         13.68121556        -15.87917493    
ljp               726
    -15.32242684        -4.724384950        -10.40695156    
ljp               727
   -0.8361730123         16.27343440         4.459222116    
ljp               728
     7.608594991        -3.004024357        -1.283313251    
ljp               729
     14.62214860         3.683883697         10.69012928    
ljp               730
     5.606219430         7.285846791        -3.708193108    
ljp               731
    -12.18053769        -16.06053194         8.991126671    
ljp               732
    -3.479771107        -15.49467904        -13.00367359    
ljp               733
    -12.05529997        -12.14319603        -5.970989960    
ljp               734
     2.515820553        -3.449320189         3.151778327    
ljp               735
     3.215961461         2.419278517        -12.61110892    
ljp               736
    0.7169868567        0.5341151833         15.91365436    
ljp               737
    -11.47409011        -10.68426174         11.43431134    
ljp               738
     14.69358509        -11.73801877         4.268019966    
ljp               739
     12.29195460        -4.335487951         2.927589881    
ljp               740
     11.96912385         17.42164595        -14.19591901    
ljp               741
    -9.854971564         16.14167316        -3.613586381    
ljp               742
     3.372447025        -15.58003090        -16.03102590    
ljp               743
     15.07890038         14.41839514        -3.515408151    
ljp               744
     9.596597888        -10.12966680         14.65565053    
ljp               745
    -3.205532335         7.917601600        -15.59684007    
ljp               746
     1.066352797         12.26401659         9.356528375    
ljp               747
     16.34030815         6.494226633        0.6254085026    
ljp               748
     4.666979473         10.57654675         5.591312329    
ljp               749
     13.83452335        0.4736468933        -2.133225514    
ljp               750
     2.913221483        -5.746723948         12.70109059    
ljp               751
   -0.3962090066         7.704135244        -2.753293990    
ljp               752
     12.05611782        -7.831703754        -13.16171039    
ljp               753
     2.859787409         2.072723851        -16.16370386    
ljp               754
     2.865298841         5.286582706        -11.00635062    
ljp               755
     15.69221886       -0.5006183945        0.8787192290    
ljp               756
    -15.04126097       -0.9101767927         14.25054682    
ljp               757
     15.71576441        -15.67845655         2.599001667    
ljp               758
     1.638767067         9.131037774        -4.806445366    
ljp               759
    -7.759594992        -14.77781226        -14.22327294    
ljp               760
     3.921710610         16.19650221         1.285906975    
ljp               761
     9.997235758        -17.07447684        -2.315578959    
ljp               762
    -12.98498832         10.10874203         11.07669520    
ljp               763
    -9.999628599         12.44023317        -5.249086293    
ljp               764
     6.313225225         4.402836884        -1.752312706    
ljp               765
     3.589953655         3.008741751        -8.274789785    
ljp               766
     10.79299167         10.19364425         16.03400146    
ljp               767
    -12.96678907        -13.69672420         6.137087545    
ljp               768
    -11.39608198         11.23828951        -8.692278555    
ljp               769
     14.84073692        -5.201581086        -11.74988824    
ljp               770
     1.397193357        -10.97029335         15.00953204    
ljp               771
     1.232889875       -0.1176199684        -10.99709698    
ljp               772
     17.36286402         12.79773275        -9.368282297    
ljp               773
     13.80804362        0.6197725158         11.71698607    
ljp               774
    -7.580216414         13.74813383         5.192692247    
ljp               775
     8.351092821         2.124839138         6.727812955    
ljp               776
    -7.192501685         4.780849365       -0.2871458231    
ljp               777
    -2.375242936         14.63197586        -8.778604924    
ljp               778
     4.961303008         4.099628040        -4.963736174    
ljp               779
    -16.73977043         17.42579208        -2.877714287    
ljp               780
     10.42503065         11.59813853         6.867920591    
ljp               781
    -5.426066214        -2.688797981         3.868981955    
ljp               782
     15.45537874         15.66628304         6.780571036    
ljp               783
    -1.894257178         16.71180112         7.768128573    
ljp               784
    -12.43660325         7.016257454        -13.53416870    
ljp               785
    -16.96318312         10.28365234        -16.92538873    
ljp               786
    -1.083831967         12.43709575         15.19339232    
ljp               787
     3.442291492         11.41703233        -16.89459329    
ljp               788
    -3.048052613         14.76590768        -5.560852532    
ljp               789
    -1.855512530        -13.13015558        -5.798656719    
ljp               790
     9.078576567        -1.954917286        -4.424133748    
ljp               791
    -8.750136688         3.803703030         9.344647361    
ljp               792
    -14.46628306         13.05148134         2.743898034    
ljp               793
    -3.521285058         11.29874815        -17.11261001    
ljp               794
     2.028120483       -0.2397530396         12.79710370    
ljp               795
   -0.4980198999        -3.807152982        -5.633869062    
ljp               796
    -4.220146022        -2.937172121        -11.50710222    
ljp               797
    -7.120231823        -9.363713124        -2.501351887    
ljp               798
    -10.60216278        -6.364034193         2.840299894    
ljp               799
     6.667476164         8.781360767        -16.68824899    
ljp               800
    -11.58927739        -5.068906199         8.666192938    
ljp               801
     1.539775882         1.243895595         3.117101992    
ljp               802
    -5.991599552         14.34929175        -15.84855242    
ljp               803
    -15.10276544        -11.63457445        -13.14531239    
ljp               804
     14.66133830        -1.549702076        -11.47141128    
ljp               805
     9.659051545         17.10906610        -6.328985548    
ljp               806
    -9.127636258        -5.674866287         16.84590083    
ljp               807
     2.405177592        -11.29545565         3.685166103    
ljp               808
    -15.60119145        -14.76974069        -14.16968858    
ljp               809
    -8.537961082         12.91986613        -10.13786464    
ljp               810
    -8.252994025         13.03037611         10.41143646    
ljp               811
     6.828273435        -1.587518975         12.87966148    
ljp               812
     1.876636591        -6.388452538         4.523517432    
ljp               813
     9.563064226        -4.875789313        0.6258634295    
ljp               814
    -1.773966342        -15.19335379       -0.7834034940    
ljp               815
    -6.708249826        -14.24519680         16.34649188    
ljp               816
    -11.33151780         6.893269177         10.49785349    
ljp               817
   -0.1233782682        -9.846249234        -4.683696747    
ljp               818
   -0.1508453712         1.505802545        0.4348187864    
ljp               819
    -10.89737122         9.640813860        -17.18069064    
ljp               820
     17.09305528         16.01268734        -14.66021365    
ljp               821
     8.118595119         13.96707622         5.754434776    
ljp               822
     14.93773852         12.23555598        -12.46313672    
ljp               823
    -13.60722354         2.739736163        -2.352540614    
ljp               824
     3.050615278        -15.94173900        -6.789985844    
ljp               825
    -10.87840239         15.16905051        -12.28018917    
ljp               826
    -2.453335149       -0.9464098102E-01    -4.986675189    
ljp               827
     14.91123371         9.782214887        -7.257585677    
ljp               828
    -12.17723835         13.92308663         15.71132223    
ljp               829
     6.117690514        -7.027270076         11.16863856    
ljp               830
     3.432895464        -7.019301282        -15.59372165    
ljp               831
    0.6278448334        -10.15052058         1.233314835    
ljp               832
     16.37322879        -6.569213065        -15.58446296    
ljp               833
    -15.13383855       -0.4191749910        -9.486525939    
ljp               834
    -5.451606666        -16.98014095         13.34189903    
ljp               835
     14.88504613         2.081611885        -16.85740856    
ljp               836
    -5.748319048         14.84087197         13.65141673    
ljp               837
     5.829372923        -13.44181435        -13.29142116    
ljp               838
     12.76374286         2.537651134         7.570644539    
ljp               839
    -7.236187020        -7.486656236         3.733997036    
ljp               840
    -12.43140317         10.10446626        -4.231122443    
ljp               841
     3.555150147        -14.39240813         7.795933415    
ljp               842
    -17.32533795         4.883282287        -16.61093813    
ljp               843
     16.86094347        -12.25358878         1.357866128    
ljp               844
     7.642962505        -10.01463781         11.68660910    
ljp               845
     16.92969042         16.61246525        -5.782930565    
ljp               846
    -9.243408247        -10.30076719        -5.261987447    
ljp               847
    -16.97136855         7.850173614        -8.585504160    
ljp               848
     16.93567565         12.57809365        -6.171294359    
ljp               849
    -5.541623197        -5.838395430         7.404425505    
ljp               850
    -5.076795975        -10.63653050        -4.549298398    
ljp               851
    -16.88547409        -13.66252323         7.224123528    
ljp               852
     8.735590723         5.592928935         5.609054445    
ljp               853
    -15.20516908        -10.79318228         12.93306838    
ljp               854
   -0.2384795935        -3.174149279        -13.60325670    
ljp               855
    -4.442424242       -0.5157571847         10.56145076    
ljp               856
     13.63037861         1.982613089         3.402594180    
ljp               857
     6.429911371         12.85672398        -3.605160655    
ljp               858
    -17.32649279        -5.198021166        -3.854204508    
ljp               859
    -7.391226523        -10.69648886         5.228216472    
ljp               860
     1.875539738       -0.2356549701         6.265330430    
ljp               861
     12.34867015        -4.829895777        -9.679295180    
ljp               862
    -15.30017626         8.709450525        -2.602599343    
ljp               863
     2.087505942        -13.21812490         11.49004880    
ljp               864
    -16.43634571        -15.80414767         1.173197787    
ljp               865
    -13.65553120         5.259587994        -10.35511089    
ljp               866
   -0.9860690767         15.89604577        -12.06958928    
ljp               867
     14.07507410        -1.842806912         3.935399482    
ljp               868
     14.26058712        -16.26745432         14.10080098    
ljp               869
    -10.67919503        -2.072413474        -14.32527419    
ljp               870
    -15.79741145         1.307626462       -0.9125906340E-02
ljp               871
    -10.06604882         10.58480051        -1.472719642    
ljp               872
    0.7327947397        -9.183365840        -15.75863888    
ljp               873
     8.211682806        -17.35141369        -9.472193477    
ljp               874
     11.24625425        -5.844342172        -3.454488143    
ljp               875
     1.357563622         16.33499179         13.52292930    
ljp               876
    -17.16459462        -7.948644091        -6.195647075    
ljp               877
    -1.761943572         2.997932653         3.421250256    
ljp               878
    -16.77882994         5.851141629        -4.992727891    
ljp               879
     9.360880071       -0.2947175863         8.648842399    
ljp               880
     10.09752536        -17.08184969         1.098772833    
ljp               881
     7.739510365        0.1329274812E-01     4.151357455    
ljp               882
     13.60122904         13.49240965        -6.169038319    
ljp               883
    -15.40382154        -7.630148718        -16.37441388    
ljp               884
    -2.668058993        -5.612168182        -14.11596309    
ljp               885
    -12.95910839         13.29387014        -15.23820258    
ljp               886
    0.2454144177        -13.07467570         5.843171981    
ljp               887
    -6.267837842         12.45176708         16.51949652    
ljp               888
   -0.7841299047E-01    -5.895267802        -16.73069122    
ljp               889
    -17.21609391        -2.171755701        -11.67371967    
ljp               890
     6.508467526         1.187962939         10.23723985    
ljp               891
    -6.817052000        -8.674492781        -7.519678844    
ljp               892
     9.313774126        -6.751386716        -15.50012005    
ljp               893
    -14.34058421        -9.935290687         8.144281963    
ljp               894
    -7.847847285        -12.68976652        -1.606558346    
ljp               895
     3.354993845        -2.816331865         11.42238328    
ljp               896
    -5.739790385       -0.7814055591        -1.120903461    
ljp               897
    -7.710562120        -8.230391611         7.323574051    
ljp               898
    -16.06555086         2.983903438        -10.52157616    
ljp               899
    -4.915327122        -12.94226624         5.859416674    
ljp               900
     14.17558118        -6.220069040        -7.396356888    
ljp               901
    -2.308015843         15.55767125         13.35469924    
ljp               902
     16.72734280        -4.677444837         11.13914662    
ljp               903
     10.09445363        -3.655312428        -16.37521976    
ljp               904
     16.92738988         9.279226232        -4.736765654    
ljp               905
    -13.28501419        -7.344428549       -0.3353097390    
ljp               906
     15.43484062         15.75994474        -8.992393979    
ljp               907
     6.232099484       -0.1220769838        -7.020844517    
ljp               908
     15.42519370       -0.1487959737E-01    -5.119465649    
ljp               909
     16.59573448         2.991016874         13.22189212    
ljp               910
     14.87684091        -6.875968934        -3.089806557    
ljp               911
     5.375974460        -12.34078615         5.655195508    
ljp               912
    -7.229799072        0.8284583887         9.269604964    
ljp               913
    -5.768793584        -9.743809375        -11.02817811    
ljp               914
     10.93241366        -12.92366150        -6.508609965    
ljp               915
    -15.66007847        0.7207650507        -12.62549773    
ljp               916
    -14.10314933         4.996673606         11.95223673    
ljp               917
     12.04773402         12.91703853        -13.95873540    
ljp               918
     1.097784971         13.85737170         3.280077621    
ljp               919
     9.704466689         15.37312643         13.69386260    
ljp               920
    -17.38972741       -0.6626709698        -2.103954595    
ljp               921
     15.52724717         4.101911060        -14.31251409    
ljp               922
    -9.108379841         10.30735217         6.222239787    
ljp               923
     12.50876842        -3.945434715        -13.92721861    
ljp               924
    -5.900759492         8.298408682         6.379874607    
ljp               925
     14.20325014        -17.23284582        -2.692429709    
ljp               926
   -0.2527514275         2.791245114        -11.20140096    
ljp               927
     1.212866982        -16.67554870        -1.347769855    
ljp               928
     12.69182159        -14.57724135       -0.1628328420    
ljp               929
    -8.504737996        -11.18538649        -15.12234592    
ljp               930
     5.933642879        -13.52333600       -0.8754408116    
ljp               931
     6.380657120         14.92857755         15.58611434    
ljp               932
     5.277548026         5.608888805        -15.49175958    
ljp               933
    -11.63845019         10.81217231         14.31931931    
ljp               934
     13.64535953        -6.833143912         10.83885159    
ljp               935
     4.506339693         1.537638725         6.362394768    
ljp               936
    -7.070233374        -15.75342252        -2.984660528    
ljp               937
    -8.249299886        -14.18673945         11.75481210    
ljp               938
    -16.42916044        -7.719064865         11.98441870    
ljp               939
    -10.09788304        -7.188625177        -7.721263634    
ljp               940
     15.83422617        -2.317069472        -14.92325029    
ljp               941
     11.11231943        -4.019209853        -6.643191713    
ljp               942
    -15.31022946        -17.08913700        -16.19674752    
ljp               943
     5.992919747         3.947631695         8.101235996    
ljp               944
     15.62673028         11.68680490         12.26887154    
ljp               945
    -4.835532337         12.63660751        0.6517467104    
ljp               946
    -7.639179953         12.92002481        -1.432460808    
ljp               947
    -14.09467438         8.934441052         16.41531015    
ljp               948
    -12.81121116        -16.86265848        -13.10044469    
ljp               949
     14.82254206         14.97553030         11.96877283    
ljp               950
     15.82809986        -3.528931452         14.64819704    
ljp               951
     10.70874044         11.38892091        -3.159067163    
ljp               952
    -15.70892417        -8.958878364         15.64646452    
ljp               953
     13.26193612         11.26672591        -17.05609197    
ljp               954
     9.545575366         2.985175245         10.67343858    
ljp               955
     11.40304985        -8.081005674         1.338474154    
ljp               956
    -13.20007614         5.421689553         8.219198180    
ljp               957
    -3.672703192        -4.005431486        -4.095158035    
ljp               958
    -4.566632916         15.60484715        -12.89254286    
ljp               959
    -3.895133992         7.347798479         10.81244143    
ljp               960
    -15.25367735         4.449800862        -13.63284474    
ljp               961
     8.794350685         5.196279980        -4.826103981    
ljp               962
    -13.70241739        -2.924770794        -7.429692152    
ljp               963
     10.18053604       -0.2503215154         12.16377212    
ljp               964
     15.24814054         5.449851616         5.802201993    
ljp               965
     12.22945805         6.002894394        -3.692490513    
ljp               966
     7.405862076        -9.687120345        -17.01030412    
ljp               967
     3.836883759         17.41029255        -13.38424983    
ljp               968
     2.340478989         9.375383340         7.335248514    
ljp               969
    -4.458989457        -8.317789032         5.428045134    
ljp               970
    -2.331829237        -7.597244135         8.036646382    
ljp               971
    -10.09594055        -9.554475197         17.41530987    
ljp               972
     11.23727578        -8.782359585         5.374436803    
ljp               973
    0.2859608380         13.43883168       -0.3051126558    
ljp               974
    -8.071764195        -8.617001026         13.93177633    
ljp               975
    -5.450255732        -13.25801438         9.152578770    
ljp               976
    -10.85491280        -9.910359121         1.475510098    
ljp               977
    -2.367239606         9.528016530        -11.20547741    
ljp               978
    -8.705886298         6.633329814        -14.02661035    
ljp               979
    -1.690487553        -15.41455913         4.064219319    
ljp               980
     9.610568163        -2.872944224         4.293765734    
ljp               981
    -5.074484599         12.07000622         7.262502933    
ljp               982
     7.004040929         7.097387791        0.2385931538    
ljp               983
     2.542130013         10.18683574        -13.41279677    
ljp               984
    -7.101944440         5.108716947         2.990262644    
ljp               985
    -13.68540210         6.341618621        -16.52234387    
ljp               986
     3.720081872         12.63151938        0.5461272079    
ljp               987
    -12.35756632         17.13716321        -1.030208953    
ljp               988
     2.386417808        -7.922503527         16.06377953    
ljp               989
     9.033946173         9.240598376         1.491279664    
ljp               990
    -10.53801060        -13.10893184         2.244824546    
ljp               991
     12.74115625        -4.555672421         7.298293143    
ljp               992
     5.276526458         8.530207391        -8.586027477    
ljp               993
     12.59340328        -1.304822920         7.020094405    
ljp               994
     17.22118020         9.442526296        -11.33794573    
ljp               995
    -14.29648042         2.830009902         14.46545578    
ljp               996
    -13.04467544        -7.731846640         11.30603435    
ljp               997
   -0.6005700568         2.038728633        -3.027563970    
ljp               998
     12.75847933         2.071859745        0.3967026522    
ljp               999
     5.919297351        -5.230442408         4.262660181    
ljp               1000
     2.306130037        -4.545576479        -1.711235949    
